-0.00018242
-0.00371887
-0.00947621
-0.01010598
-0.00390840
0.00023868
0.00287541
-0.00175252
-0.00287857
-0.00842156
-0.01087295
-0.00005951
0.00232403
0.00012786
0.00099352
-0.00599935
0.00013485
-0.01310298
0.00305929
-0.01025912
-0.02216563
-0.00188092
-0.00220207
-0.01259112
0.00225869
-0.00743068
-0.00636790
0.00149961
-0.01411850
-0.00979036
0.00201003
-0.00435061
0.00141931
-0.00361281
-0.01238937
-0.01052229
0.00066332
-0.01259576
-0.01193463
0.00116433
-0.00367031
-0.01064127
0.00250858
-0.00780637
-0.01272613
0.00019022
-0.00758604
-0.00041873
0.00254296
-0.01953163
-0.01129940
0.00179943
-0.01927631
0.00182467
0.00181895
-0.00986289
0.00172167
-0.01930970
0.00148130
0.00211875
